776 0 986 309 31 73 -1 -1 -1 -1 
777 0 986 309 31 73 -1 -1 -1 -1 
778 0 986 308 30 74 -1 -1 -1 -1 
779 0 985 308 31 73 -1 -1 -1 -1 
780 0 985 308 30 73 -1 -1 -1 -1 
781 0 984 308 31 73 -1 -1 -1 -1 
782 0 984 308 30 73 -1 -1 -1 -1 
783 0 985 308 29 73 -1 -1 -1 -1 
784 0 985 308 29 72 -1 -1 -1 -1 
785 0 984 308 29 72 -1 -1 -1 -1 
786 0 984 308 29 73 -1 -1 -1 -1 
787 0 983 308 29 73 -1 -1 -1 -1 
788 0 983 308 28 72 -1 -1 -1 -1 
789 0 983 308 27 72 -1 -1 -1 -1 
790 0 982 307 27 72 -1 -1 -1 -1 
791 0 983 308 26 72 -1 -1 -1 -1 
792 0 983 308 26 72 -1 -1 -1 -1 
793 0 983 308 26 72 -1 -1 -1 -1 
794 0 983 309 25 71 -1 -1 -1 -1 
795 0 983 309 25 71 -1 -1 -1 -1 
796 0 983 310 25 71 -1 -1 -1 -1 
797 0 982 310 26 71 -1 -1 -1 -1 
798 0 982 310 25 71 -1 -1 -1 -1 
799 0 981 310 25 71 -1 -1 -1 -1 
800 0 981 310 25 71 -1 -1 -1 -1 
801 0 981 310 25 71 -1 -1 -1 -1 
802 0 981 310 25 70 -1 -1 -1 -1 
803 0 981 310 24 70 -1 -1 -1 -1 
804 0 980 310 24 70 -1 -1 -1 -1 
805 0 979 310 25 70 -1 -1 -1 -1 
806 0 979 310 25 70 -1 -1 -1 -1 
807 0 979 310 24 71 -1 -1 -1 -1 
808 0 979 310 24 71 -1 -1 -1 -1 
809 0 978 310 25 71 -1 -1 -1 -1 
810 0 978 310 25 72 -1 -1 -1 -1 
811 0 977 310 25 72 -1 -1 -1 -1 
812 0 977 310 25 72 -1 -1 -1 -1 
813 0 976 310 25 72 -1 -1 -1 -1 
814 0 976 310 25 72 -1 -1 -1 -1 
815 0 975 310 26 72 -1 -1 -1 -1 
816 0 975 309 25 73 -1 -1 -1 -1 
817 0 974 310 26 72 -1 -1 -1 -1 
818 0 973 310 27 72 -1 -1 -1 -1 
819 0 973 310 26 72 -1 -1 -1 -1 
820 0 972 311 27 71 -1 -1 -1 -1 
821 0 972 311 27 71 -1 -1 -1 -1 
822 0 972 311 26 71 -1 -1 -1 -1 
823 0 972 311 26 71 -1 -1 -1 -1 
824 0 971 311 27 71 -1 -1 -1 -1 
825 0 971 311 27 71 -1 -1 -1 -1 
826 0 970 311 27 70 -1 -1 -1 -1 
827 0 970 311 27 70 -1 -1 -1 -1 
828 0 969 311 27 70 -1 -1 -1 -1 
829 0 969 312 27 69 -1 -1 -1 -1 
830 0 968 312 28 70 -1 -1 -1 -1 
831 0 967 312 29 71 -1 -1 -1 -1 
832 0 967 312 29 71 -1 -1 -1 -1 
833 0 966 312 30 72 -1 -1 -1 -1 
834 0 966 312 29 71 -1 -1 -1 -1 
835 0 965 312 30 71 -1 -1 -1 -1 
836 0 965 313 29 69 -1 -1 -1 -1 
837 0 965 313 29 69 -1 -1 -1 -1 
838 0 964 314 30 68 -1 -1 -1 -1 
839 0 964 314 30 68 -1 -1 -1 -1 
840 0 964 314 30 69 -1 -1 -1 -1 
841 0 963 314 30 68 -1 -1 -1 -1 
843 0 963 314 30 68 -1 -1 -1 -1 
844 0 962 314 31 68 -1 -1 -1 -1 
845 0 962 314 31 68 -1 -1 -1 -1 
846 0 962 314 31 67 -1 -1 -1 -1 
847 0 962 314 31 67 -1 -1 -1 -1 
848 0 962 314 31 67 -1 -1 -1 -1 
849 0 963 314 30 67 -1 -1 -1 -1 
850 0 962 314 31 68 -1 -1 -1 -1 
851 0 962 315 31 67 -1 -1 -1 -1 
852 0 962 315 31 67 -1 -1 -1 -1 
853 0 962 315 31 68 -1 -1 -1 -1 
854 0 962 315 31 67 -1 -1 -1 -1 
855 0 962 314 31 68 -1 -1 -1 -1 
856 0 962 314 32 68 -1 -1 -1 -1 
